//5월 25일 파이리, 이상해씨, 이상해풀, 꼬부기, 니드리나 완료. 현재 잠시 멈추기로 함

#include<stdio.h>
#include <Windows.h>
void color_Pokemon(int Pokemon[100][100]);
void color_pepole(int pepole[100][100]);
void Pokemon_Pyree();
void Pokemon_Nidorina();
void Pokmeon_twist();
void Pokmeon_Professor_Oak();
void Pokmeon_Bulbasaur();
void Pokmeon_Ivysaur();

void ColorSet(int backColor, int textColor)
{
	HANDLE handle = GetStdHandle(STD_OUTPUT_HANDLE);
	SetConsoleTextAttribute(handle, (backColor << 4) + textColor);
}

typedef enum ColorKinds {
	BLACK,  	//0
	darkBLUE,	//1
	Green,	//2
	darkSkyBlue,    //3
	DarkRed,  	//4
	DarkPurple,	//5
	DarkYellow,	//6
	GRAY,		//7
	DarkGray,	//8
	BLUE,		//9
	GREEN,		//10
	SkyBlue,	//11
	RED,		//12
	PURPLE,		//13
	YELLOW,		//14
	WHITE		//15
} CokorKinds;

int main()
{
	Pokemon_Pyree();
	printf("\n");
	Pokemon_Nidorina();
	printf("\n");
	Pokmeon_twist();
	printf("\n");
	Pokmeon_Bulbasaur();
	printf("\n");
	Pokmeon_Ivysaur();

}

void Pokemon_Pyree() //파이리
{
	int Pokemon[20][22] = {
	{15,15,15,15,15,15,15,15,15,15,15,15,15,15,15,15,15,00,15,15,15,15},
	{15,15,15,15,15,00,00,00,15,15,15,15,15,15,15,15,00,2149966,00,15,15,15},
	{15,15,15,00,00, 24714841, 24714841,2149966,00,15,15,15,15,15,15,15,00,2149966,2149966,00,15,15},
	{15,15,00, 24714841, 24714841, 24714841, 24714841, 24714841,2149966,00,15,15,15,15,15,15,00,2149966,2149966,00,15,15},
	{15,15,00, 24714841,24714841, 24714841,24714841,24714841,24714841,00,15,15,15,15,15,00,2149966,2149966,24714841,2149966,00,15},
	{15,00,24714841,24714841,24714841,24714841,2149966,24714841,24714841,2149966,00,15,15,15,15,00,2149966,24714841,24724741,2149966,00,15},
	{15,00,24714841,24714841,24714841,2149966,15,00,24714841,24714841,00,15,15,15,15,00,2149966,24724741,24724741,2149966,00,15},
	{00,24714841,24714841,24714841,24714841,2149966,259999,00,24714841,2149966,0,15,15,15,15,15,0,24724741,2149966,00,15,15},
	{00,24714841,24714841,24714841,24714841,24714841,00,00,2149966,2149966,00,15,15,15,15,15,0,2149966,00,15,15,15},
	{15,00,2149966,24714841,24714841,24714841,2149966,2149966,2149966,2149966,2149966,00,15,15,15,15,00,24714841,00,15,15,15},
	{15,15,00,00,2149966,2149966,2149966,2149966,2149966,2149966,2149966,00,15,15,15,00,24714841,24714841,00,15,15,15},
	{15,15,15,15,00,00,247230156,2149966,2149966,828282,2149966,2149966,00,15,00,2149966,24714841,00,15,15,15,15},
	{15,15,15,15,15,00,247230156,247230156,828282,2149966,24714841,2149966,2149966,00,2149966,2149966,2149966,00,15,15,15,15},
	{15,15,15,15,15,00,247230156,247230156,828282,24714841,2149966,828282,2149966,2149966,828282,2149966,00,15,15,15,15,15},
	{15,15,15,15,00,2149966, 2149966,247230156,247230156,828282,828282,2149966,2149966,2149966,828282,00,15,15,15,15,15,15},
	{15,15,15,15,00,15,2149966,828282,247230156,247230156,2149966,2149966,2149966,2149966,00,15,15,15,15,15,15,15 },
	{15,15,15,15,15,00,00,00,828282,2149966,2149966,2149966,2149966,00,15,15,15,15,15,15,15,15},
	{15,15,15,15,15,15,15,15,15,00,15,2149966,15,00,15,15,15,15,15,15,15,15},
	{15,15,15,15,15,15,15,15,15,15,00,00,00,15,15,15,15,15,15,15,15,15},
	{15,15,15,15,15,15,15,15,15,15,15,15,15,15,15,15,15,15,15,15,15,15}
	};
	color_Pokemon(Pokemon);
}

void Pokemon_Nidorina() //니드리아
{
	int Pokemon[20][22] = {
	{15,15,15,15,00,15,15,15,15,15,15,15,15,15,15,15,15,15,15,15,15,15},
	{15,15,15,00,132148197,00,15,15,15,15,15,15,15,15,15,15,15,15,15,15,15,15},
	{15,15,00,00,132148197,00,15,15,15,15,15,15,00,00,00,15,15,15,15,15,15,15},
	{15,00,132148197,828282,132148197,132148197,00,15,15,15,00,00, 173197255, 173197255, 173197255,00,00,15,15,15,15,15},
	{15,00,132148197,132148197,132148197,132148197,828282,00,00,00, 173197255, 173197255, 173197255,132148197,132148197, 173197255, 173197255,00,15,15,15,15},
	{15,15,00,132148197,828282,828282,132148197,132148197,828282, 173197255, 173197255,828282,828282,132148197,132148197,00,00,15,15,15,15,15},
	{15,15,15,00, 173197255,828282,132148197,828282, 173197255,173197255,828282,132148197,132148197,828282,132148197,00,15,15,15,15,15,15},
	{15,15,15,00, 173197255,132148197,132148197,828282,132148197,828282, 259999, 259999,132148197,132148197,132148197,00,15,15,15,15,15,15},
	{15,00,00,132148197,132148197,173197255,173197255,173197255,173197255,828282,259999,132148197,132148197,132148197,00,15,15,15,15,15,15,15},
	{00,132148197,828282,173197255,173197255,173197255,173197255,132148197,132148197,132148197,132148197,132148197,828282,828282,00,15,15,15,15,15,15,15},
	{15,00,173197255,173197255,173197255,173197255,00,828282,132148197,828282,828282,132148197,132148197,828282,132148197,00,15,15,15,15,15,15},
	{15,00,173197255,173197255,173197255,00,2479982,15,132148197,173197255,173197255,828282,132148197,132148197,00,15,15,15,15,15,15,15},
	{15,00,132148197,173197255,132148197,132148197,132148197,132148197,828282,828282,828282,132148197,132148197,132148197,828282,00,00,15,15,15,15,15},
	{15,00,828282,132148197,132148197,132148197,132148197,132148197,132148197,132148197,132148197,132148197,132148197,132148197,132148197,828282,132148197,00,15,15,15,15},
	{15,15,00,15,00,828282,828282,132148197,132148197,173197255,132148197,173197255,828282,132148197,132148197,00,00,15,15,15,15,15},
	{15,15,15,00,15,00,15,828282,132148197,828282,173197255,173197255,828282,132148197,132148197,00,15,15,15,15,15,15},
	{15,15,15,15,15,15,00,00,00,15,173197255,828282,132148197,132148197,00,15,15,15,15,15,15,15},
	{15,15,15,15,15,15,15,15,15,00,00,15,132148197,15,00,15,15,15,15,15,15,15},
	{15,15,15,15,15,15,15,15,15,15,15,00,00,00,15,15,15,15,15,15,15,15},
	{15,15,15,15,15,15,15,15,15,15,15,15,15,15,15,15,15,15,15,15,15,15},
	};
	color_Pokemon(Pokemon);
}

void Pokmeon_twist() //꼬부기
{
	int Pokemon[20][22] = {
		{15,15,15,00,00,00,00,15,15,15,15,15,15,15,15,15,00,00,00,15,15,15.15},
		{15,15,00,43137198,147200212,147200212,147200212,00,00,15,15,15,15,15,15,00,147200212,147200212,147200212,00,15,15},
		{15,00,147200212,147200212,147200212,147200212,147200212,147200212,43137198,00,00,15,15,15,00,147200212,147200212,147200212,43137198,43137198,00,15},
		{15,00,147200212,147200212,147200212,147200212,147200212,147200212,147200212,828282,24714841,00,00,15,00,147200212,147200212,43137198,828282,43137198,00,15},
		{00,147200212,147200212,147200212,147200212,43137198,147200212,147200212,147200212,43137198,828282,24714841,24714841,00,43137198,147200212,43137198,828282,43137198,43137198,00,15},
		{00,147200212,147200212,147200212,43137198,15,00,147200212,147200212,43137198,828282,24714841,24714841,24714841,828282,43137198,43137198,828282,43137198,00,15,15},
		{00,147200212,147200212,147200212,43137198,00,00,147200212,43137198,43137198,828282,15,24714841,24714841,828282,43137198,43137198,828282,00,15,15,15},
		{15,00,147200212,147200212,147200212,00,24714841,43137198,43137198,828282,828282,15,24714841,24714841,24714841,828282,43137198,00,15,15,15,15},
		{15,15,00,828282,43137198,43137198,43137198,43137198,828282,43137198,828282,828282,15,24714841,24714841,828282,00,15,15,15,15,15},
		{15,15,00,43137198,828282,828282,828282,247230156,247230156,828282,147200212,828282,15,24714841,24714841,828282,00,15,15,15,15,15},
		{15,15,15,00,00,247230156,247230156,247230156,828282,147200212,147200212,147200212,828282,24714841,24714841,00,15,15,15,15,15,15},
		{15,15,15,15,15,00,247230156,247230156,828282,147200212,147200212,43137198,828282,24714841,247148401,00,15,15,15,15,15,15},
		{15,15,15,15,00,43137198,828282,247230156,247230156,828282,43137198,828282,828282,24714841,00,15,15,15,15,15,15,15},
		{15,15,15,15,00,43137198,43137198,00,247230156,247230156,828282,828282,43137198,828282,00,15,15,15,15,15,15,15},
		{15,15,15,15,15,00,00,15,00,828282,247230156,43137198,43137198,00,15,15,15,15,15,15,15,15},
		{15,15,15,15,15,15,15,15,15,00,43137198,43137198,43137198,00,15,15,15,15,15,15,15,15},
		{15,15,15,15,15,15,15,15,15,15,00,00,00,15,15,15,15,15,15,15,15,15},
		{15,15,15,15,15,15,15,15,15,15,15,15,15,15,15,15,15,15,15,15,15,15},
		{15,15,15,15,15,15,15,15,15,15,15,15,15,15,15,15,15,15,15,15,15,15},
		{15,15,15,15,15,15,15,15,15,15,15,15,15,15,15,15,15,15,15,15,15,15}
	};
	color_Pokemon(Pokemon);
}
void Pokmeon_Bulbasaur() //이상해씨
{
	int Pokemon[20][22] = {
		{15,15,15,15,15,15,15,15,15,15,15,15,00,15,00,15,15,15,15,15,15,15},
		{15,15,15,15,15,15,15,15,15,15,15,00,11318387,00,11318387,00,15,15,15,15,15,15},
		{15,15,15,15,15,15,15,15,15,15,00,00,11318387,11318387,11318387,00,15,15,15,15,15,15},
		{15,15,15,15,15,15,15,15,00,00,11318387,7711480,7711480,11318387,7711480,11318387,00,00,15,15,15,15},
		{15,15,15,15,15,15,15,00,11318387,11318387,7711480,11318387,7711480,11318387,7711480,11318387,11318387,7711480,00,15,15,15},
		{15,15,15,00,15,15,00,8214082,11318387,7711480,11318387,11318387,7711480,11318387,11318387,7711480,11318387,11318387,7711480,00,15,15},
		{15,15,00,11318387,00,00,828282,8214082,7711480,8214082,11318387,7711480,11318387,11318387,11318387,11318387,7711480,11318387,8214082,00,15,15},
		{15,15,00,11318387,11318387,11318387,8214082,828282,828282,8214082,8214082,7711480,11318387,11318387,11318387,11318387,7711480,8214082,8214082,00,15,15},
		{15,15,00,11318387,11318387,8214082,7711480,7711480,7711480,828282,8214082,7711480,8214082,8214082,8214082,8214082,7711480,8214082,8214082,00,15,15},
		{15,00,11318387,11318387,11318387,7711480,7711480,7711480,11318387,7711480,828282,828282,828282,8214082,8214082,8214082,7711480,8214082,00,15,15,15},
		{15,2479982,8214082,11318387,11318387,11318387,11318387,11318387,11318387,11318387,11318387,11318387,828282,8214082,8214082,7711480,828282,00,15,15,15,15},
		{00,15,7711480,11318387,11318387,11318387,11318387,11318387,11318387,11318387,11318387,828282,8214082,828282,828282,828282,8214082,00,15,15,15,15},
		{00,11318387,11318387,11318387,11318387,7711480,11318387,828282,00,828282,11318387,8214082,8214082,8214082,8214082,8214082,7711480,7711480,00,15,15,15},
		{15,00,11318387,11318387,11318387,11318387,00,00,15,15,8214082,8214082,8214082,828282,8214082,8214082,7711480,7711480,00,15,15,15},
		{15,00,8214082,11318387,11318387,11318387,00,2479982,15,8214082,8214082,8214082,7711480,7711480,828282,8214082,8214082,8214082,00,15,15,15},
		{15,15,00,00,8214082,8214082,8214082,8214082,8214082,8214082,828282,8214082,7711480,7711480,828282,8214082,828282,00,15,15,15,15},
		{15,15,15,15,00,00,00,00,00,00,8214082,8214082,8214082,8214082,828282,00,00,15,15,15,15,15},
		{15,15,15,15,15,15,15,15,15,00,15,8214082,15,828282,00,15,15,15,15,15,15,15},
		{15,15,15,15,15,15,15,15,15,15,00,00,00,00,15,15,15,15,15,15,15,15},
		{15,15,15,15,15,15,15,15,15,15,15,15,15,15,15,15,15,15,15,15,15,15}
	};
	color_Pokemon(Pokemon);
}

void Pokmeon_Ivysaur() //이상해풀
{
	int Pokemon[20][22] = {
		{15,15,15,15,15,15,15,15,15,15,00,00,00,15,15,15,15,15,15,15,15,15},
		{15,15,15,15,15,15,15,15,15,00,1555971,231107115,231107115,00,15,15,15,15,15,15,15,15},
		{15,15,15,15,15,15,15,15,00,231107115,231107115,1555971,231107115,00,15,15,15,15,15,15,15,15},
		{15,15,15,15,15,15,15,15,00,231107115,231107115,1555971,231107115,231107115,828282,00,00,00,15,15,15,15},
		{15,15,15,15,15,15,00,00,231107115,231107115,1555971,231107115,231107115,231107115,231107115,828282,8214082,8214082,00,15,15,15},
		{15,15,15,00,15,00,7711480,828282,231107115,231107115,1555971,231107115,231107115,231107115,231107115,828282,828282,00,15,15,15,15},
		{15,15,00,11318387,828282,8214082,8214082,7711480,828282,231107115,1555971,231107115,231107115,231107115,828282,8214082,11318387,00,00,15,15,15},
		{15,15,00,11318387,11318387,828282,828282,8214082,8214082,828282,231107115,231107115,828282,828282,7711480,7711480,7711480,8214082,8214082,00,15,15},
		{15,15,00,11318387,11318387,11318387,8214082,828282,828282,828282,828282,828282,11318387,7711480,11318387,11318387,7711480,7711480,7711480,00,15,15},
		{15,00,11318387,11318387,11318387,7711480,7711480,7711480,7711480,8214082,828282,828282,828282,8214082,11318387,7711480,11318387,11318387,7711480,11318387,00,15},
		{15,00,8214082,7711480,11318387,11318387,7711480,7711480,8214082,11318387,11318387,11318387,11318387,828282,8214082,7711480,8214082,7711480,11318387,7711480,00,15},
		{00,231107115,8214082,11318387,8214082,11318387,11318387,11318387,11318387,11318387,11318387,8214082,828282,828282,828282,828282,828282,7711480,8214082,8214082,00,15},
		{00,231107115,11318387,11318387,11318387,11318387,8214082,11318387,11318387,11318387,8214082,828282,828282,8214082,8214082,8214082,8214082,828282,828282,828282,00,15},
		{00,11318387,11318387,11318387,11318387,8214082,11318387,828282,00,11318387,11318387,8214082,8214082,8214082,828282,8214082,7711480,7711480,8214082,8214082,00,15},
		{15,00,11318387,11318387,11318387,11318387,00,00,15,11318387,8214082,8214082,7711480,7711480,8214082,828282,8214082,8214082,8214082,00,15,15},
		{15,00,8214082,11318387,11318387,00,231107115,231107115,15,8214082,8214082,8214082,7711480,7711480,8214082,00,828282,8214082,828282,00,15,15},
		{15,15,00,00,8214082,8214082,8214082,8214082,8214082,8214082,828282,8214082,8214082,8214082,00,15,00,00,00,15,15,15},
		{15,15,15,15,00,00,828282,828282,00,00,8214082,8214082,8214082,8214082,00,15,15,15,15,15,15,15},
		{15,15,15,15,15,15,00,00,15,00,15,8214082,15,00,15,15,15,15,15,15,15,15},
		{15,15,15,15,15,15,15,15,15,15,00,00,00,15,15,15,15,15,15,15,15,15}
	};
	color_Pokemon(Pokemon);
}



void color_Pokemon(int Pokemon[20][22])
{
	int i, j;
	for (i = 0; i < 20; i++)
	{

		for (j = 0; j < 22; j++)
		{

			if (Pokemon[i][j] == 00)
			{
				ColorSet(BLACK, BLACK);
				printf("■"); //블랙
			}
			if (Pokemon[i][j] == 15)
			{
				ColorSet(WHITE, WHITE);
				printf("■"); //화이트
			}
			if (Pokemon[i][j] == 828282)
			{
				printf("\033[38;2;82;82;82m");
				printf("\033[48;2;82;82;82m");
				printf("■"); //회색
			}
			if (Pokemon[i][j] == 259999)
			{
				printf("\033[38;2;25;99;99m");
				printf("\033[48;2;25;99;99m");
				printf("■"); //파이리 눈 청색/니드리아 귀 그린
			}
			if (Pokemon[i][j] == 2149966)
			{
				printf("\033[38;2;214;99;66m");
				printf("\033[48;2;214;99;66m");
				printf("■"); //파이리 주황 명암
			}
			if (Pokemon[i][j] == 24714841)
			{
				printf("\033[38;2;247;148;41m");
				printf("\033[48;2;247;148;41m");
				printf("■"); //파이리 주황
			}
			if (Pokemon[i][j] == 247230156)
			{
				printf("\033[38;2;247;230;156m");
				printf("\033[48;2;247;230;156m");
				printf("■");
				//파이리 배, 꼬부기 배, 아이보리+녹색
			}
			if (Pokemon[i][j] == 24724741)
			{
				printf("\033[38;2;247;247;41m");
				printf("\033[48;2;247;247;41m");
				printf("■");
				//샛노랑
			}
			if (Pokemon[i][j] == 173197255)
			{
				printf("\033[38;2;173;197;255m");
				printf("\033[48;2;173;197;255m");
				printf("■");
				//니드리나 연한 블루
			}
			if (Pokemon[i][j] == 132148197)
			{
				printf("\033[38;2;132;148;197m");
				printf("\033[48;2;132;148;197m");
				printf("■");
				//니드리나 블루
			}
			if (Pokemon[i][j] == 2479982)
			{
				printf("\033[38;2;247;99;82m");
				printf("\033[48;2;247;99;82m");
				printf("■");
				//니드리나 눈 레드
			}
			if (Pokemon[i][j] == 147200212)
			{
				printf("\033[38;2;147;200;212m");
				printf("\033[48;2;147;200;212m");
				printf("■");
				//꼬부기 블루
			}
			if (Pokemon[i][j] == 43137198)
			{
				printf("\033[38;2;43;137;198m");
				printf("\033[48;2;43;137;198m");
				printf("■");
				//꼬부기 블루 명암
			}
			if (Pokemon[i][j] == 1557466)
			{
				printf("\033[38;2;155;74;66m");
				printf("\033[48;2;155;74;66m");
				printf("■");
				//이상해씨 꽃 핑크 음영
			}
			if (Pokemon[i][j] == 22616838)
			{
				printf("\033[38;2;226;168;38m");
				printf("\033[48;2;226;168;38m");
				printf("■");
				//파이리 배, 꼬부기 배, 아이보리+녹색
			}
			if (Pokemon[i][j] == 7711480)
			{
				printf("\033[38;2;77;114;80m");
				printf("\033[48;2;77;114;80m");
				printf("■");
				//이상해씨 어두운 초록
			}
			if (Pokemon[i][j] == 8214082)
			{
				printf("\033[38;2;82;140;82m");
				printf("\033[48;2;82;140;82m");
				printf("■");
				//이상해씨 중간 초록
			}
			if (Pokemon[i][j] == 11318387)
			{
				printf("\033[38;2;113;183;87m");
				printf("\033[48;2;113;183;87m");
				printf("■");
				//이상해씨 밝은 초록
			}
			if (Pokemon[i][j] == 231107115)
			{
				printf("\033[38;2;231;107;115m");
				printf("\033[48;2;231;107;115m");
				printf("■");
				//이상해씨 꽃 핑크
			}
			if (Pokemon[i][j] == 1555971)
			{
				printf("\033[38;2;155;59;71m");
				printf("\033[48;2;155;59;71m");
				printf("■");
				//이상해씨 꽃 핑크 음영
			}

		}
		printf("\n");

	}
}

/*
void Pokmeon_Professor_Oak()
{
	int pepole[100][100] = {
		{15,15,15,15,15,15,15,15,15,15,15,00,00,00,15,15,15,15,15,15,15,15,15,15,15,15,15,15,15,15,15,15,15,15,15,15,15,15,15,15,-1},
		{15,15,15,15,15,15,15,15,15,15,00,15,15,15,00,00,00,00,00,00,00,00,00,15,15,15,15,15,15,15,15,15,15,15,15,15,15,15,15,15,-1},
		{15,15,15,15,15,15,15,15,15,15,15,00,15,15,15,15,15,15,15,15,15,15,00,00,00,15,15,15,15,15,15,15,15,15,15,15,15,15,15,15,-1},
		{15,15,15,15,15,15,15,15,00,00,00,15,15,15,15,15,15,15,15,15,15,15,15,15,15,00,15,15,15,15,15,15,15,15,15,15,15,15,15,15,-1},
		{15,15,15,15,15,15,15,15,15,00,15,15,15,15,00,00,00,15,15,15,00,00,00,15,15,15,00,15,15,15,15,15,15,15,15,15,15,15,15,15,-1},
		{15,15,15,15,15,15,15,15,15,15,00,15,0,0,15,15,15,0,15,00,15,15,15,00,00,15,00,15,15,15,15,15,15,15,15,15,15,15,15,15,-1},
		{15,15,15,15,15,15,15,15,15,00,15,00,15,15,15,15,15,15,00,15,15,15,15,15,15,00,15,00,15,15,15,15,15,15,15,15,15,15,15,15,15,-1},
		{15,15,15,15,15,15,15,15,15,15,00,15,15,15,15,15,15,15,15,15,15,15,15,15,15,15,00,15,15,15,15,15,15,15,15,15,15,15,15,15,-1},
		{15,15,15,15,15,15,15,15,15,15,15,00,00,00,00,15,15,15,15,15,15,15,00,00,00,15,00,15,15,15,15,15,15,15,15,15,15,15,15,-1},
		{15,15,15,15,15,15,15,15,15,15,15,00,15,00,00,00,15,15,15,15,15,00,00,00,15,00,15,15,15,15,15,15,15,15,15,15,15,15,15,-1},
		{15,15,15,15,15,15,15,15,15,15,0,15,00,15,15,15,0,15,15,15,00,15,15,15,0,15,00,15,15,15,15,15,15,15,15,15,15,15,15,15,-1},
		{15,15,15,15,15,15,15,15,15,15,0,15,00,15,15,15,00,15,15,15,00,15,15,15,0,15,00,15,15,15,15,15,15,15,15,15,15,15,15,15,-1},
		{15,15,15,15,15,15,15,15,15,15,0,15,00,15,15,15,15,15,15,15,15,15,15,15,0,15,00,15,15,15,15,15,15,15,15,15,15,15,15,15,-1},
		{15,15,15,15,15,15,15,15,15,15,15,00,15,15,15,15,15,15,00,15,15,15,15,15,00,00,15,15,15,15,15,15,15,15,15,15,15,15,15,15,-1},
		{15,15,15,15,15,15,15,15,15,15,15,15,00,15,15,15,15,15,15,15,15,15,15,15,00,15,15,15,15,15,15,15,15,15,15,15,15,15,15,15,-1},
		{15,15,15,15,15,15,15,15,15,15,15,15,00,15,15,15,15,15,15,15,15,15,15,00,15,15,15,15,15,15,15,15,15,15,15,15,15,15,15,15,-1},
		{15,15,15,15,15,15,15,15,15,15,15,15,15,00,15,00,00,00,00,00,00,00,15,00,15,15,15,15,15,15,15,15,15,15,15,15,15,15,15,15,-1},
		{15,15,15,15,15,15,15,15,15,15,15,15,15,15,00,15,15,15,15,15,15,15,00,15,15,15,15,15,15,15,15,15,15,15,15,15,15,15,15,15,-1},
		{15,15,15,15,15,15,15,15,15,15,15,15,15,15,00,00,00,00,00,00,00,00,00,15,15,15,15,15,15,15,15,15,15,15,15,15,15,15,15,15,-1},
		{15,15,15,15,15,15,15,15,15,15,15,15,15,15,15,15,15,15,15,15,15,15,15,15,15,15,15,15,15,15,15,15,15,15,15,15,15,15,15,15,-1},
		{15,15,15,15,15,15,15,15,15,15,15,15,15,15,15,15,15,15,15,15,15,15,15,15,15,15,15,15,15,15,15,15,15,15,15,15,15,15,15,15,-1},
		{15,15,15,15,15,15,15,15,15,15,15,15,15,15,15,15,15,15,15,15,15,15,15,15,15,15,15,15,15,15,15,15,15,15,15,15,15,15,15,15,-1},
		{15,15,15,15,15,15,15,15,15,15,15,15,15,15,15,15,15,15,15,15,15,15,15,15,15,15,15,15,15,15,15,15,15,15,15,15,15,15,15,15,-1},
		{15,15,15,15,15,15,15,15,15,15,15,15,15,15,15,15,15,15,15,15,15,15,15,15,15,15,15,15,15,15,15,15,15,15,15,15,15,15,15,15,-1},
		{15,15,15,15,15,15,15,15,15,15,15,15,15,15,15,15,15,15,15,15,15,15,15,15,15,15,15,15,15,15,15,15,15,15,15,15,15,15,15,15,-1},
		{15,15,15,15,15,15,15,15,15,15,15,15,15,15,15,15,15,15,15,15,15,15,15,15,15,15,15,15,15,15,15,15,15,15,15,15,15,15,15,15,-1},
		{15,15,15,15,15,15,15,15,15,15,15,15,15,15,15,15,15,15,15,15,15,15,15,15,15,15,15,15,15,15,15,15,15,15,15,15,15,15,15,15,-1},
		{15,15,15,15,15,15,15,15,15,15,15,15,15,15,15,15,15,15,15,15,15,15,15,15,15,15,15,15,15,15,15,15,15,15,15,15,15,15,15,15,-1},
		{15,15,15,15,15,15,15,15,15,15,15,15,15,15,15,15,15,15,15,15,15,15,15,15,15,15,15,15,15,15,15,15,15,15,15,15,15,15,15,15,-1},
		{15,15,15,15,15,15,15,15,15,15,15,15,15,15,15,15,15,15,15,15,15,15,15,15,15,15,15,15,15,15,15,15,15,15,15,15,15,15,15,15,-1},
		{15,15,15,15,15,15,15,15,15,15,15,15,15,15,15,15,15,15,15,15,15,15,15,15,15,15,15,15,15,15,15,15,15,15,15,15,15,15,15,15,-1},
		{15,15,15,15,15,15,15,15,15,15,15,15,15,15,15,15,15,15,15,15,15,15,15,15,15,15,15,15,15,15,15,15,15,15,15,15,15,15,15,15,-1},
		{15,15,15,15,15,15,15,15,15,15,15,15,15,15,15,15,15,15,15,15,15,15,15,15,15,15,15,15,15,15,15,15,15,15,15,15,15,15,15,15,-1},
		{15,15,15,15,15,15,15,15,15,15,15,15,15,15,15,15,15,15,15,15,15,15,15,15,15,15,15,15,15,15,15,15,15,15,15,15,15,15,15,15,-1},
		{15,15,15,15,15,15,15,15,15,15,15,15,15,15,15,15,15,15,15,15,15,15,15,15,15,15,15,15,15,15,15,15,15,15,15,15,15,15,15,15,-1},
		{15,15,15,15,15,15,15,15,15,15,15,15,15,15,15,15,15,15,15,15,15,15,15,15,15,15,15,15,15,15,15,15,15,15,15,15,15,15,15,15,-1},
		{15,15,15,15,15,15,15,15,15,15,15,15,15,15,15,15,15,15,15,15,15,15,15,15,15,15,15,15,15,15,15,15,15,15,15,15,15,15,15,15,-1},
		{15,15,15,15,15,15,15,15,15,15,15,15,15,15,15,15,15,15,15,15,15,15,15,15,15,15,15,15,15,15,15,15,15,15,15,15,15,15,15,15,-1},
		{15,15,15,15,15,15,15,15,15,15,15,15,15,15,15,15,15,15,15,15,15,15,15,15,15,15,15,15,15,15,15,15,15,15,15,15,15,15,15,15,-1},
		{15,15,15,15,15,15,15,15,15,15,15,15,15,15,15,15,15,15,15,15,15,15,15,15,15,15,15,15,15,15,15,15,15,15,15,15,15,15,15,15,-1},
		{15,15,15,15,15,15,15,15,15,15,15,15,15,15,15,15,15,15,15,15,15,15,15,15,15,15,15,15,15,15,15,15,15,15,15,15,15,15,15,15,-1},
		{15,15,15,15,15,15,15,15,15,15,15,15,15,15,15,15,15,15,15,15,15,15,15,15,15,15,15,15,15,15,15,15,15,15,15,15,15,15,15,15,-1},
		{15,15,15,15,15,15,15,15,15,15,15,15,15,15,15,15,15,15,15,15,15,15,15,15,15,15,15,15,15,15,15,15,15,15,15,15,15,15,15,15,-1},
		{15,15,15,15,15,15,15,15,15,15,15,15,15,15,15,15,15,15,15,15,15,15,15,15,15,15,15,15,15,15,15,15,15,15,15,15,15,15,15,15,-1},
		{15,15,15,15,15,15,15,15,15,15,15,15,15,15,15,15,15,15,15,15,15,15,15,15,15,15,15,15,15,15,15,15,15,15,15,15,15,15,15,15,-1},
		{15,15,15,15,15,15,15,15,15,15,15,15,15,15,15,15,15,15,15,15,15,15,15,15,15,15,15,15,15,15,15,15,15,15,15,15,15,15,15,15,-1},
		{15,15,15,15,15,15,15,15,15,15,15,15,15,15,15,15,15,15,15,15,15,15,15,15,15,15,15,15,15,15,15,15,15,15,15,15,15,15,15,15,-1},
		{15,15,15,15,15,15,15,15,15,15,15,15,15,15,15,15,15,15,15,15,15,15,15,15,15,15,15,15,15,15,15,15,15,15,15,15,15,15,15,15,-1},
		{15,15,15,15,15,15,15,15,15,15,15,15,15,15,15,15,15,15,15,15,15,15,15,15,15,15,15,15,15,15,15,15,15,15,15,15,15,15,15,15,-1},
		{15,15,15,15,15,15,15,15,15,15,15,15,15,15,15,15,15,15,15,15,15,15,15,15,15,15,15,15,15,15,15,15,15,15,15,15,15,15,15,15,-1},
		{15,15,15,15,15,15,15,15,15,15,15,15,15,15,15,15,15,15,15,15,15,15,15,15,15,15,15,15,15,15,15,15,15,15,15,15,15,15,15,15,-1},
		{15,15,15,15,15,15,15,15,15,15,15,15,15,15,15,15,15,15,15,15,15,15,15,15,15,15,15,15,15,15,15,15,15,15,15,15,15,15,15,15,-1},
		{15,15,15,15,15,15,15,15,15,15,15,15,15,15,15,15,15,15,15,15,15,15,15,15,15,15,15,15,15,15,15,15,15,15,15,15,15,15,15,15,-1},
		{15,15,15,15,15,15,15,15,15,15,15,15,15,15,15,15,15,15,15,15,15,15,15,15,15,15,15,15,15,15,15,15,15,15,15,15,15,15,15,15,-1},
		{15,15,15,15,15,15,15,15,15,15,15,15,15,15,15,15,15,15,15,15,15,15,15,15,15,15,15,15,15,15,15,15,15,15,15,15,15,15,15,15,-1},
		{15,15,15,15,15,15,15,15,15,15,15,15,15,15,15,15,15,15,15,15,15,15,15,15,15,15,15,15,15,15,15,15,15,15,15,15,15,15,15,15,-1},
		{15,15,15,15,15,15,15,15,15,15,15,15,15,15,15,15,15,15,15,15,15,15,15,15,15,15,15,15,15,15,15,15,15,15,15,15,15,15,15,15,-1},
		{15,15,15,15,15,15,15,15,15,15,15,15,15,15,15,15,15,15,15,15,15,15,15,15,15,15,15,15,15,15,15,15,15,15,15,15,15,15,15,15,-1},
		{15,15,15,15,15,15,15,15,15,15,15,15,15,15,15,15,15,15,15,15,15,15,15,15,15,15,15,15,15,15,15,15,15,15,15,15,15,15,15,15,-1},
		{15,15,15,15,15,15,15,15,15,15,15,15,15,15,15,15,15,15,15,15,15,15,15,15,15,15,15,15,15,15,15,15,15,15,15,15,15,15,15,15,-1},

	};
	color_pepole(pepole);
}
*/




/*
void color_pepole(int pepole[100][100])
{
	int i, j;
	for (i = 0; i < 100; i++)
	{

		for (j = 0; j < 100; j++)
		{

			if (pepole[i][j] == 00)
			{
				ColorSet(BLACK, BLACK);
				printf("■"); //블랙
			}
			if (pepole[i][j] == 15)
			{
				ColorSet(WHITE, WHITE);
				printf("■"); //화이트
			}
			if (pepole[i][j] == 828282)
			{
				printf("\033[38;2;82;82;82m");
				printf("\033[48;2;82;82;82m");
				printf("■"); //회색
			}
		}
		printf("\n");


	}
}
*/
